100000	10262	1848	2	2	2
10000000	abhorrest	1900	9	9	8
100000002	Konstam	1986	5	5	4
100000005	Konstam	1989	4	4	3
100000008	Konstam	1992	3	3	2
100000011	Konstam	1996	5	5	2
100000014	Konstam	1999	17	14	8
100000017	Konstam	2002	83	68	23
100000020	Konstam	2005	37	34	10
100000023	Konstam	2008	99	35	8
100000026	Konstantinovsky	1907	1	1	1
100000029	Konstantinovsky	1923	1	1	1
10000003	abhorrest	1903	10	10	7
100000032	Konstantinovsky	1951	3	3	2
100000035	Konstantinovsky	1956	2	2	2
100000038	Konstantinovsky	1963	3	3	1
100000041	Konstantinovsky	1977	19	8	1
100000044	Konstantinovsky	1986	1	1	1
100000047	Konstantinovsky	1999	1	1	1
100000050	Konstantinovsky	2004	9	4	4
100000053	Konstantinovsky	2007	2	2	1
100000056	Konstanzer	1894	2	2	2
100000059	Konstanzer	1900	3	3	3
10000006	abhorrest	1906	16	16	16
100000062	Konstanzer	1904	4	4	4
100000065	Konstanzer	1908	1	1	1
100000068	Konstanzer	1914	2	2	1
100000071	Konstanzer	1929	2	1	1
100000074	Konstanzer	1938	3	3	3
100000077	Konstanzer	1943	4	4	1
100000080	Konstanzer	1952	1	1	1
100000083	Konstanzer	1957	8	6	4
100000086	Konstanzer	1960	2	2	2
100000089	Konstanzer	1966	5	5	3
10000009	abhorrest	1909	4	4	4
100000092	Konstanzer	1969	1	1	1
100000095	Konstanzer	1974	1	1	1
100000098	Konstanzer	1977	17	7	2
1000001	9750	1989	40	36	22
100000101	Konstanzer	1981	8	5	5
100000104	Konstanzer	1985	17	15	4
100000107	Konstanzer	1988	1	1	1
100000110	Konstanzer	1991	3	3	2
100000113	Konstanzer	1995	13	11	8
100000116	Konstanzer	1998	2	2	2
100000119	Konstanzer	2001	4	4	2
10000012	abhorrest	1913	2	2	2
100000122	Konstanzer	2004	7	5	4
100000125	Konstanzer	2007	5	5	5
100000128	Konstruieren	1906	1	1	1
100000131	Konstruieren	1971	1	1	1
100000134	Konstruieren	1979	1	1	1
100000137	Konstruieren	1982	1	1	1
100000140	Konstruieren	1986	4	4	4
100000143	Konstruieren	1990	2	2	2
100000146	Konstruieren	1993	3	3	3
100000149	Konstruieren	1996	13	9	3
10000015	abhorrest	1916	3	2	1
100000152	Konstruieren	2001	4	4	3
100000155	Konstruieren	2004	8	8	8
100000158	Konstruieren	2007	5	5	4
100000161	Konstrukteur	1908	1	1	1
100000164	Konstrukteur	1931	1	1	1
100000167	Konstrukteur	1963	2	2	2
100000170	Konstrukteur	1977	1	1	1
100000173	Konstrukteur	1980	4	4	2
100000176	Konstrukteur	1983	2	2	1
100000179	Konstrukteur	1989	1	1	1
10000018	abhorrest	1920	4	3	1
100000182	Konstrukteur	1994	1	1	1
100000185	Konstrukteur	2001	1	1	1
100000188	Konstrukteur	2004	3	3	3
100000191	Konsultit	1984	1	1	1
100000194	Konsultit	1993	1	1	1
100000197	Konsultit	1997	2	2	2
100000200	Konsultit	2000	6	5	4
100000203	Konsultit	2003	12	11	9
100000206	Konsultit	2006	23	18	16
100000209	Konsultit	2009	2	2	2
10000021	abhorrest	1923	11	11	10
100000212	Konsynski	1988	4	4	1
100000215	Konsynski	1991	6	6	3
100000218	Konsynski	1995	8	7	3
100000221	Konsynski	1998	5	5	4
100000224	Konsynski	2001	2	2	1
100000227	Konsynski	2004	15	14	5
100000230	Konsynski	2008	4	4	3
100000233	Konte	1862	1	1	1
100000236	Konte	1873	1	1	1
100000239	Konte	1879	1	1	1
10000024	abhorrest	1926	7	6	4
100000242	Konte	1883	1	1	1
100000245	Konte	1887	1	1	1
100000248	Konte	1894	1	1	1
100000251	Konte	1902	3	3	3
100000254	Konte	1920	2	1	1
100000257	Konte	1948	4	2	2
100000260	Konte	1962	1	1	1
100000263	Konte	1969	1	1	1
100000266	Konte	1979	2	2	1
100000269	Konte	1985	37	21	6
10000027	abhorrest	1929	5	5	5
100000272	Konte	1989	17	7	2
100000275	Konte	1994	6	5	1
100000278	Konte	2001	11	11	5
100000281	Konte	2005	1	1	1
100000284	Kontinenten	1926	3	3	3
100000287	Kontinenten	1945	1	1	1
100000290	Kontinenten	1949	2	2	2
100000293	Kontinenten	1970	1	1	1
100000296	Kontinenten	1978	2	2	2
100000299	Kontinenten	1982	2	2	1
10000030	abhorrest	1932	3	3	3
100000302	Kontinenten	1987	1	1	1
100000305	Kontinenten	1998	3	3	3
100000308	Kontinenten	2001	2	2	1
100000311	Kontorfunktionaerernes	1969	2	2	2
100000314	Kontorfunktionaerernes	1991	4	4	2
100000317	Kontorfunktionaerernes	1994	2	2	2
100000320	Kontorfunktionaerernes	1997	1	1	1
100000323	Kontorfunktionaerernes	2000	6	5	2
100000326	Kontorfunktionaerernes	2004	5	5	2
100000329	Kontorfunktionaerernes	2007	10	10	4
10000033	abhorrest	1935	3	3	3
100000332	Kontorovich	1910	1	1	1
100000335	Kontorovich	1949	2	2	1
100000338	Kontorovich	1962	2	2	1
100000341	Kontorovich	1970	1	1	1
100000344	Kontorovich	1986	2	2	2
100000347	Kontorovich	1992	2	2	1
100000350	Kontorovich	2000	32	8	6
100000353	Kontorovich	2004	4	2	2
100000356	Kontorovich	2007	49	36	10
100000359	Kontrapunkts	1919	1	1	1
10000036	abhorrest	1939	3	3	3
100000362	Kontrapunkts	1929	1	1	1
100000365	Kontrapunkts	1941	1	1	1
100000368	Kontrapunkts	1944	1	1	1
100000371	Kontrapunkts	1956	1	1	1
100000374	Kontrapunkts	1963	2	2	2
100000377	Kontrapunkts	1980	8	4	3
100000380	Kontrapunkts	1994	1	1	1
100000383	Kontrapunkts	2005	7	6	4
100000386	Kontrapunkts	2008	2	2	1
100000389	Kontraste	1940	2	2	2
10000039	abhorrest	1944	2	2	2
100000392	Kontraste	1955	1	1	1
100000395	Kontraste	1964	1	1	1
100000398	Kontraste	1967	3	2	2
1000004	9750	1992	33	21	14
100000401	Kontraste	1974	2	2	2
100000404	Kontraste	1982	7	7	2
100000407	Kontraste	1992	2	2	2
100000410	Kontraste	1998	1	1	1
100000413	Kontraste	2002	6	6	2
100000416	Kontraste	2006	1	1	1
100000419	Kontyu	1958	1	1	1
10000042	abhorrest	1947	4	4	3
100000422	Kontyu	1971	1	1	1
100000425	Kontyu	1975	3	1	1
100000428	Kontyu	1981	1	1	1
100000431	Kontyu	1988	3	2	1
100000434	Kontyu	1996	2	2	1
100000437	Kontyu	2001	4	2	1
100000440	Kontyu	2008	2	2	2
100000443	Konung	1809	2	2	1
100000446	Konung	1825	1	1	1
100000449	Konung	1833	2	2	2
10000045	abhorrest	1950	2	2	1
100000452	Konung	1839	4	4	3
100000455	Konung	1846	2	1	1
100000458	Konung	1857	5	5	5
100000461	Konung	1860	1	1	1
100000464	Konung	1864	3	2	2
100000467	Konung	1870	10	8	5
100000470	Konung	1875	1	1	1
100000473	Konung	1883	2	2	2
100000476	Konung	1889	12	9	5
100000479	Konung	1892	10	6	6
10000048	abhorrest	1954	1	1	1
100000482	Konung	1895	2	2	2
100000485	Konung	1900	4	4	4
100000488	Konung	1904	16	12	6
100000491	Konung	1907	17	11	6
100000494	Konung	1910	2	2	2
100000497	Konung	1914	1	1	1
100000500	Konung	1921	6	2	1
100000503	Konung	1933	2	1	1
100000506	Konung	1945	2	2	1
100000509	Konung	1953	49	47	7
10000051	abhorrest	1957	4	4	4
100000512	Konung	1958	30	28	4
100000515	Konung	1965	4	1	1
100000518	Konung	1968	2	2	2
100000521	Konung	1972	6	6	4
100000524	Konung	1979	1	1	1
100000527	Konung	1982	1	1	1
100000530	Konung	1986	16	9	1
100000533	Konung	1990	5	4	1
100000536	Konung	1999	16	14	2
100000539	Konung	2003	1	1	1
10000054	abhorrest	1960	3	3	3
100000542	Konung	2008	1	1	1
100000545	Konversations	1890	17	6	2
100000548	Konversations	1893	3	3	3
100000551	Konversations	1897	1	1	1
100000554	Konversations	1900	18	3	2
100000557	Konversations	1904	22	6	4
100000560	Konversations	1907	18	5	4
100000563	Konversations	1911	2	2	2
100000566	Konversations	1914	1	1	1
100000569	Konversations	1921	1	1	1
10000057	abhorrest	1964	15	15	10
100000572	Konversations	1924	8	8	4
100000575	Konversations	1928	8	7	2
100000578	Konversations	1931	2	2	2
100000581	Konversations	1936	3	2	2
100000584	Konversations	1939	5	5	3
100000587	Konversations	1949	6	5	3
100000590	Konversations	1953	6	5	3
100000593	Konversations	1956	8	6	3
100000596	Konversations	1962	1	1	1
100000599	Konversations	1969	3	3	2
10000060	abhorrest	1967	4	4	3
100000602	Konversations	1973	1	1	1
100000605	Konversations	1979	1	1	1
100000608	Konversations	1984	1	1	1
100000611	Konversations	1990	3	3	3
100000614	Konversations	1993	2	2	1
100000617	Konversations	1996	1	1	1
100000620	Konversations	1999	2	2	2
100000623	Konversations	2002	1	1	1
100000626	Konversations	2009	1	1	1
100000629	Kony	1811	4	4	4
10000063	abhorrest	1972	6	6	2
100000632	Kony	1832	1	1	1
100000635	Kony	1850	3	3	3
100000638	Kony	1861	2	2	2
100000641	Kony	1876	1	1	1
100000644	Kony	1884	1	1	1
100000647	Kony	1892	1	1	1
100000650	Kony	1899	1	1	1
100000653	Kony	1904	2	1	1
100000656	Kony	1912	2	2	2
100000659	Kony	1925	1	1	1
10000066	abhorrest	1979	4	4	3
100000662	Kony	1934	1	1	1
100000665	Kony	1950	1	1	1
100000668	Kony	1953	37	14	1
100000671	Kony	1961	3	3	3
100000674	Kony	1964	4	4	4
100000677	Kony	1969	3	3	3
100000680	Kony	1972	6	5	4
100000683	Kony	1977	1	1	1
100000686	Kony	1980	24	14	3
100000689	Kony	1984	2	2	2
10000069	abhorrest	1986	1	1	1
100000692	Kony	1988	1	1	1
100000695	Kony	1992	1	1	1
100000698	Kony	1995	5	3	3
1000007	9750	1995	29	26	12
100000701	Kony	1998	14	9	3
100000704	Kony	2001	5	5	3
100000707	Kony	2004	7	5	3
100000710	Kony	2007	52	33	10
100000713	Konzerthaus	1908	2	2	2
100000716	Konzerthaus	1924	2	2	1
100000719	Konzerthaus	1942	1	1	1
10000072	abhorrest	1990	1	1	1
100000722	Konzerthaus	1948	5	4	2
100000725	Konzerthaus	1952	4	4	2
100000728	Konzerthaus	1955	14	9	3
100000731	Konzerthaus	1958	4	4	2
100000734	Konzerthaus	1961	17	13	8
100000737	Konzerthaus	1964	4	4	2
100000740	Konzerthaus	1969	1	1	1
100000743	Konzerthaus	1973	2	2	2
100000746	Konzerthaus	1979	2	2	2
100000749	Konzerthaus	1982	1	1	1
10000075	abhorrest	2002	4	4	4
100000752	Konzerthaus	1985	4	4	3
100000755	Konzerthaus	1988	4	4	3
100000758	Konzerthaus	1991	5	5	3
100000761	Konzerthaus	1994	5	5	3
100000764	Konzerthaus	1997	14	8	3
100000767	Konzerthaus	2000	2	2	2
100000770	Konzerthaus	2003	2	2	2
100000773	Konzerthaus	2006	3	2	1
100000776	Konzertsaal	1924	1	1	1
100000779	Konzertsaal	1933	3	3	2
10000078	abhorrest	2008	1	1	1
100000782	Konzertsaal	1947	1	1	1
100000785	Konzertsaal	1952	1	1	1
100000788	Konzertsaal	1957	3	3	3
100000791	Konzertsaal	1962	3	3	3
100000794	Konzertsaal	1967	2	2	1
100000797	Konzertsaal	1971	1	1	1
100000800	Konzertsaal	1981	1	1	1
100000803	Konzertsaal	1985	1	1	1
100000806	Konzertsaal	1990	3	3	3
100000809	Konzertsaal	1998	2	2	2
10000081	abhorret	1711	2	2	1
100000812	Konzertsaal	2001	5	4	3
100000815	Konzertsaal	2004	6	6	4
100000818	Konzertsaal	2007	7	5	4
100000821	Konzertstiick	1925	1	1	1
100000824	Konzertstiick	1935	1	1	1
100000827	Konzertstiick	1952	2	2	2
100000830	Konzertstiick	1956	2	2	2
100000833	Konzertstiick	1962	1	1	1
100000836	Konzertstiick	1969	6	4	2
100000839	Konzertstiick	1973	4	4	2
10000084	abhorret	1731	1	1	1
100000842	Konzertstiick	1976	3	3	2
100000845	Konzertstiick	1980	8	7	5
100000848	Konzertstiick	1983	4	3	2
100000851	Konzertstiick	1987	3	3	3
100000854	Konzertstiick	1990	11	7	1
100000857	Konzertstiick	1995	6	5	1
100000860	Konzertstiick	2001	1	1	1
100000863	Konzertstiick	2004	6	6	2
100000866	Kooda	1832	1	1	1
100000869	Kooda	1845	2	2	2
10000087	abhorret	1737	1	1	1
100000872	Kooda	1861	2	2	1
100000875	Kooda	1892	5	5	5
100000878	Kooda	1911	1	1	1
100000881	Kooda	1954	1	1	1
100000884	Kooda	1972	2	2	2
100000887	Kooda	2006	3	3	1
100000890	Koodoosrand	1902	21	12	3
100000893	Koodoosrand	1907	4	4	4
100000896	Koodoosrand	1917	4	4	2
100000899	Koodoosrand	1932	1	1	1
10000090	abhorret	1754	1	1	1
100000902	Koodoosrand	1962	2	2	1
100000905	Koodoosrand	1992	3	2	1
100000908	Kooijmans	1970	1	1	1
100000911	Kooijmans	1980	11	9	3
100000914	Kooijmans	1984	8	7	2
100000917	Kooijmans	1988	6	6	5
100000920	Kooijmans	1993	53	31	5
100000923	Kooijmans	1996	3	3	1
100000926	Kooijmans	2000	17	15	5
100000929	Kooijmans	2003	22	18	6
10000093	abhorret	1762	1	1	1
100000932	Kooijmans	2006	1	1	1
100000935	Kooijmans	2009	10	10	3
100000938	Kookas	1872	4	4	3
100000941	Kookas	1876	6	4	3
100000944	Kookas	1883	3	2	1
100000947	Kookas	1887	14	6	6
100000950	Kookas	1897	2	2	2
100000953	Kookas	1937	1	1	1
100000956	Kookas	1999	2	1	1
100000959	Kooky	1816	1	1	1
10000096	abhorret	1774	1	1	1
100000962	Kooky	1852	2	2	2
100000965	Kooky	1856	1	1	1
100000968	Kooky	1861	3	3	3
100000971	Kooky	1867	3	3	3
100000974	Kooky	1870	1	1	1
100000977	Kooky	1874	1	1	1
100000980	Kooky	1878	3	3	2
100000983	Kooky	1881	2	2	2
100000986	Kooky	1884	3	3	3
100000989	Kooky	1888	1	1	1
10000099	abhorret	1789	2	2	2
100000992	Kooky	1892	3	3	3
100000995	Kooky	1895	1	1	1
100000998	Kooky	1900	1	1	1
1000010	9750	1998	32	27	15
100001001	Kooky	1903	1	1	1
100001004	Kooky	1910	1	1	1
100001007	Kooky	1925	1	1	1
100001010	Kooky	1952	1	1	1
100001013	Kooky	1966	4	4	4
100001016	Kooky	1970	4	3	3
100001019	Kooky	1978	1	1	1
10000102	abhorret	1793	1	1	1
100001022	Kooky	1987	1	1	1
100001025	Kooky	1994	1	1	1
100001028	Kooky	1998	14	12	7
100001031	Kooky	2001	3	3	2
100001034	Kooky	2004	14	11	7
100001037	Kooky	2007	4	4	4
100001040	Koolan	1859	6	6	2
100001043	Koolan	1863	1	1	1
100001046	Koolan	1883	6	4	2
100001049	Koolan	1940	10	7	4
10000105	abhorret	1796	3	3	3
100001052	Koolan	1954	3	3	3
100001055	Koolan	1959	1	1	1
100001058	Koolan	1969	2	2	1
100001061	Koolan	1973	3	3	2
100001064	Koolan	1976	4	2	2
100001067	Koolan	1980	1	1	1
100001070	Koolan	1990	1	1	1
100001073	Koolan	2002	1	1	1
100001076	Koole	1811	1	1	1
100001079	Koole	1840	3	3	3
10000108	abhorret	1802	4	4	4
100001082	Koole	1862	1	1	1
100001085	Koole	1869	1	1	1
100001088	Koole	1882	1	1	1
100001091	Koole	1891	1	1	1
100001094	Koole	1927	1	1	1
100001097	Koole	1931	7	7	3
100001100	Koole	1953	1	1	1
100001103	Koole	1961	3	1	1
100001106	Koole	1965	4	4	3
100001109	Koole	1969	3	3	2
10000111	abhorret	1807	2	2	2
100001112	Koole	1976	4	3	2
100001115	Koole	1984	2	2	2
100001118	Koole	1987	1	1	1
100001121	Koole	1991	9	9	4
100001124	Koole	1997	1	1	1
100001127	Koole	2000	20	18	10
100001130	Koole	2003	2	2	2
100001133	Koole	2006	16	15	11
100001136	Koole	2009	6	6	4
100001139	Koolee	1806	4	2	2
10000114	abhorret	1811	4	4	4
100001142	Koolee	1820	3	3	2
100001145	Koolee	1827	4	4	2
100001148	Koolee	1832	4	4	2
100001151	Koolee	1837	1	1	1
100001154	Koolee	1840	10	6	2
100001157	Koolee	1847	5	3	1
100001160	Koolee	1853	2	2	1
100001163	Koolee	1857	2	2	1
100001166	Koolee	1861	9	4	1
100001169	Koolee	1865	1	1	1
10000117	abhorret	1817	4	4	4
100001172	Koolee	1869	6	6	6
100001175	Koolee	1873	2	2	2
100001178	Koolee	1878	36	30	1
100001181	Koolee	1882	2	1	1
100001184	Koolee	1887	4	4	4
100001187	Koolee	1903	6	6	3
100001190	Koolee	1924	32	28	2
100001193	Koolee	1970	3	1	1
100001196	Koolee	1988	1	1	1
100001199	Koolhaas	1824	1	1	1
10000120	abhorret	1821	2	2	2
100001202	Koolhaas	1828	1	1	1
100001205	Koolhaas	1934	1	1	1
100001208	Koolhaas	1940	1	1	1
100001211	Koolhaas	1959	2	2	2
100001214	Koolhaas	1962	1	1	1
100001217	Koolhaas	1974	1	1	1
100001220	Koolhaas	1978	3	3	2
100001223	Koolhaas	1981	4	3	2
100001226	Koolhaas	1984	2	2	1
100001229	Koolhaas	1988	58	32	8
10000123	abhorret	1824	7	7	7
100001232	Koolhaas	1991	28	12	4
100001235	Koolhaas	1994	7	6	4
100001238	Koolhaas	1997	32	23	10
100001241	Koolhaas	2000	164	118	32
100001244	Koolhaas	2003	104	84	45
100001247	Koolhaas	2006	223	152	41
100001250	Koolhaas	2009	12	12	7
100001253	Koophandel	1814	6	6	2
100001256	Koophandel	1828	23	23	2
100001259	Koophandel	1846	21	21	10
10000126	abhorret	1827	13	13	9
100001262	Koophandel	1867	1	1	1
100001265	Koophandel	1888	1	1	1
100001268	Koophandel	1901	1	1	1
100001271	Koophandel	1905	2	1	1
100001274	Koophandel	1908	4	4	4
100001277	Koophandel	1921	3	3	1
100001280	Koophandel	1928	2	1	1
100001283	Koophandel	1938	2	2	2
100001286	Koophandel	1954	2	1	1
100001289	Koophandel	1961	4	1	1
10000129	abhorret	1830	5	5	4
100001292	Koophandel	1964	7	2	2
100001295	Koophandel	1970	5	2	2
100001298	Koophandel	1976	7	3	2
1000013	9750	2001	31	30	23
100001301	Koophandel	1981	7	4	3
100001304	Koophandel	1985	3	3	2
100001307	Koophandel	1988	13	13	5
100001310	Koophandel	1991	3	2	2
100001313	Koophandel	1994	2	2	2
100001316	Koophandel	1997	4	2	1
100001319	Koophandel	2000	2	2	2
10000132	abhorret	1834	13	13	13
100001322	Koophandel	2004	1	1	1
100001325	Koophandel	2007	14	12	4
100001328	Koopman	1760	6	4	2
100001331	Koopman	1801	2	2	2
100001334	Koopman	1812	2	2	2
100001337	Koopman	1821	1	1	1
100001340	Koopman	1830	4	2	2
100001343	Koopman	1858	1	1	1
100001346	Koopman	1871	2	2	2
100001349	Koopman	1875	2	2	2
10000135	abhorret	1837	5	5	3
100001352	Koopman	1878	2	2	2
100001355	Koopman	1891	1	1	1
100001358	Koopman	1897	28	20	7
100001361	Koopman	1901	5	5	5
100001364	Koopman	1904	3	3	3
100001367	Koopman	1907	9	9	9
100001370	Koopman	1912	1	1	1
100001373	Koopman	1918	1	1	1
100001376	Koopman	1922	4	3	1
100001379	Koopman	1926	6	6	3
10000138	abhorret	1840	6	6	6
100001382	Koopman	1929	10	8	6
100001385	Koopman	1934	7	4	3
100001388	Koopman	1938	4	4	4
100001391	Koopman	1944	1	1	1
100001394	Koopman	1947	8	5	2
100001397	Koopman	1951	2	2	2
100001400	Koopman	1955	3	3	2
100001403	Koopman	1958	2	2	2
100001406	Koopman	1962	9	9	5
100001409	Koopman	1966	13	11	8
10000141	abhorret	1843	3	3	2
100001412	Koopman	1969	14	14	5
100001415	Koopman	1973	7	6	5
100001418	Koopman	1976	11	11	6
100001421	Koopman	1980	12	11	8
100001424	Koopman	1983	13	11	8
100001427	Koopman	1986	46	26	9
100001430	Koopman	1989	108	67	23
100001433	Koopman	1992	89	69	17
100001436	Koopman	1995	92	71	23
100001439	Koopman	1998	31	29	22
10000144	abhorret	1846	6	6	5
100001442	Koopman	2001	190	148	74
100001445	Koopman	2004	120	98	38
100001448	Koopman	2007	164	154	71
100001451	Kooringa	1848	10	7	2
100001454	Kooringa	1854	5	5	3
100001457	Kooringa	1862	20	18	10
100001460	Kooringa	1869	1	1	1
100001463	Kooringa	1872	7	7	6
100001466	Kooringa	1879	1	1	1
100001469	Kooringa	1883	3	3	2
10000147	abhorret	1849	7	7	6
100001472	Kooringa	1886	8	7	7
100001475	Kooringa	1889	4	4	3
100001478	Kooringa	1892	4	4	3
100001481	Kooringa	1896	1	1	1
100001484	Kooringa	1899	5	5	3
100001487	Kooringa	1902	1	1	1
100001490	Kooringa	1907	15	9	5
100001493	Kooringa	1912	1	1	1
100001496	Kooringa	1916	4	4	2
100001499	Kooringa	1923	1	1	1
10000150	abhorret	1852	6	6	6
100001502	Kooringa	1933	15	11	2
100001505	Kooringa	1942	1	1	1
100001508	Kooringa	1955	2	2	2
100001511	Kooringa	1965	8	3	1
100001514	Kooringa	1970	2	1	1
100001517	Kooringa	1976	3	3	3
100001520	Kooringa	1990	8	7	1
100001523	Kooringa	1999	22	16	2
100001526	Kooringa	2007	5	4	1
100001529	Koornhert	1807	13	5	2
10000153	abhorret	1855	14	14	14
100001532	Koornhert	1825	14	11	3
100001535	Koornhert	1838	2	2	1
100001538	Koornhert	1843	15	9	4
100001541	Koornhert	1853	2	2	2
100001544	Koornhert	1857	3	3	3
100001547	Koornhert	1872	1	1	1
100001550	Koornhert	1880	7	3	1
100001553	Koornhert	1888	3	2	1
100001556	Koornhert	1899	3	3	3
100001559	Koornhert	1916	1	1	1
10000156	abhorret	1858	11	11	8
100001562	Koornhert	1937	5	4	3
100001565	Koos	1783	3	2	1
100001568	Koos	1799	2	2	2
100001571	Koos	1806	1	1	1
100001574	Koos	1811	2	1	1
100001577	Koos	1817	6	4	4
100001580	Koos	1822	2	2	1
100001583	Koos	1825	11	11	7
100001586	Koos	1829	3	3	3
100001589	Koos	1833	5	3	3
10000159	abhorret	1861	3	3	2
100001592	Koos	1838	2	2	2
100001595	Koos	1842	1	1	1
100001598	Koos	1846	5	5	5
1000016	9750	2004	33	33	28
100001601	Koos	1849	1	1	1
100001604	Koos	1853	9	8	4
100001607	Koos	1856	5	5	5
100001610	Koos	1859	1	1	1
100001613	Koos	1862	2	2	1
100001616	Koos	1865	2	2	2
100001619	Koos	1868	2	2	2
10000162	abhorret	1864	2	2	2
100001622	Koos	1871	6	6	6
100001625	Koos	1875	26	19	5
100001628	Koos	1878	10	9	9
100001631	Koos	1881	12	12	8
100001634	Koos	1884	10	8	5
100001637	Koos	1887	4	4	3
100001640	Koos	1890	4	4	4
100001643	Koos	1893	12	11	8
100001646	Koos	1896	4	3	3
100001649	Koos	1899	54	39	18
10000165	abhorret	1867	2	2	2
100001652	Koos	1902	37	37	12
100001655	Koos	1905	2	2	2
100001658	Koos	1908	8	8	6
100001661	Koos	1911	3	3	3
100001664	Koos	1914	1	1	1
100001667	Koos	1918	1	1	1
100001670	Koos	1921	2	2	2
100001673	Koos	1925	15	12	11
100001676	Koos	1928	9	8	2
100001679	Koos	1931	1	1	1
10000168	abhorret	1870	11	11	8
100001682	Koos	1934	22	18	5
100001685	Koos	1937	15	8	5
100001688	Koos	1940	6	5	4
100001691	Koos	1944	1	1	1
100001694	Koos	1949	13	11	3
100001697	Koos	1953	18	12	7
100001700	Koos	1956	1	1	1
100001703	Koos	1960	9	6	2
100001706	Koos	1963	5	4	3
100001709	Koos	1966	16	13	5
10000171	abhorret	1873	6	6	6
100001712	Koos	1969	32	25	14
100001715	Koos	1972	5	5	5
100001718	Koos	1975	14	12	4
100001721	Koos	1978	16	15	7
100001724	Koos	1981	29	27	11
100001727	Koos	1984	8	7	6
100001730	Koos	1987	14	11	8
100001733	Koos	1990	12	12	7
100001736	Koos	1993	18	16	10
100001739	Koos	1996	19	19	8
10000174	abhorret	1876	5	5	5
100001742	Koos	1999	79	77	18
100001745	Koos	2002	89	75	29
100001748	Koos	2005	91	60	23
100001751	Koos	2008	30	25	19
100001754	Kootb	1830	4	3	1
100001757	Kootb	1848	3	2	1
100001760	Kootb	1851	9	5	1
100001763	Kootb	1855	1	1	1
100001766	Kootb	1858	17	9	2
100001769	Kootb	1879	2	2	2
10000177	abhorret	1879	11	11	9
100001772	Kootb	1896	2	2	2
100001775	Kootb	1906	1	1	1
100001778	Kooti's	1882	1	1	1
100001781	Kooti's	1888	12	8	4
100001784	Kooti's	1891	17	15	4
100001787	Kooti's	1898	6	4	4
100001790	Kooti's	1907	8	4	2
100001793	Kooti's	1925	8	4	2
100001796	Kooti's	1937	7	7	1
100001799	Kooti's	1955	2	2	1
10000180	abhorret	1882	5	5	5
100001802	Kooti's	1973	4	3	1
100001805	Kooti's	1999	1	1	1
100001808	Kooti's	2002	5	5	3
100001811	Kooti's	2007	3	3	2
100001814	Kopell	1869	1	1	1
100001817	Kopell	1969	22	22	5
100001820	Kopell	1974	2	2	1
100001823	Kopell	1980	19	16	4
100001826	Kopell	1983	7	7	6
100001829	Kopell	1986	12	9	1
10000183	abhorret	1885	2	2	2
100001832	Kopell	1989	6	6	5
100001835	Kopell	1992	10	10	4
100001838	Kopell	1995	2	2	1
100001841	Kopell	1998	5	2	1
100001844	Kopell	2001	29	22	12
100001847	Kopell	2004	9	6	3
100001850	Kopell	2008	3	3	2
100001853	Kopelson	1978	4	4	1
100001856	Kopelson	1989	2	2	1
100001859	Kopelson	1994	1	1	1
10000186	abhorret	1889	16	16	15
100001862	Kopelson	1998	5	5	3
100001865	Kopelson	2002	21	15	6
100001868	Kopelson	2005	3	3	3
100001871	Kopelson	2009	1	1	1
100001874	Koper's	1849	1	1	1
100001877	Koper's	1858	2	2	2
100001880	Koper's	1865	2	2	2
100001883	Koper's	1876	1	1	1
100001886	Koper's	1884	1	1	1
100001889	Koper's	1897	2	1	1
10000189	abhorret	1892	10	10	7
100001892	Koper's	1908	1	1	1
100001895	Koper's	1913	2	2	1
100001898	Koper's	1993	1	1	1
1000019	9750	2007	46	36	26
100001901	Koper's	2003	2	2	2
100001904	Koper's	2008	2	2	1
100001907	Kopernik	1849	12	10	4
100001910	Kopernik	1869	1	1	1
100001913	Kopernik	1879	1	1	1
100001916	Kopernik	1885	1	1	1
100001919	Kopernik	1890	1	1	1
10000192	abhorret	1895	6	6	5
100001922	Kopernik	1900	1	1	1
100001925	Kopernik	1906	1	1	1
100001928	Kopernik	1914	2	2	2
100001931	Kopernik	1922	1	1	1
100001934	Kopernik	1930	1	1	1
100001937	Kopernik	1939	2	1	1
100001940	Kopernik	1943	1	1	1
100001943	Kopernik	1950	2	2	2
100001946	Kopernik	1959	1	1	1
100001949	Kopernik	1962	6	4	4
10000195	abhorret	1899	5	5	4
100001952	Kopernik	1969	8	7	3
100001955	Kopernik	1973	20	10	4
100001958	Kopernik	1977	2	2	2
100001961	Kopernik	1980	7	7	7
100001964	Kopernik	1983	1	1	1
100001967	Kopernik	1987	3	3	2
100001970	Kopernik	1990	2	2	2
100001973	Kopernik	1994	13	10	2
100001976	Kopernik	1997	2	2	2
100001979	Kopernik	2000	6	5	5
10000198	abhorret	1902	18	18	4
100001982	Kopernik	2003	8	7	7
100001985	Kopernik	2006	6	6	4
100001988	Kopernikus	1849	2	2	2
100001991	Kopernikus	1886	1	1	1
100001994	Kopernikus	1902	2	2	2
100001997	Kopernikus	1909	4	3	1
100002000	Kopernikus	1921	6	6	3
100002003	Kopernikus	1925	2	2	2
100002006	Kopernikus	1947	1	1	1
100002009	Kopernikus	1961	1	1	1
10000201	abhorret	1905	15	12	11
100002012	Kopernikus	1965	3	2	2
100002015	Kopernikus	1977	1	1	1
100002018	Kopernikus	1986	3	3	3
100002021	Kopernikus	1989	5	5	3
100002024	Kopernikus	1992	5	3	2
100002027	Kopernikus	1995	1	1	1
100002030	Kopernikus	1998	4	4	3
100002033	Kopernikus	2001	7	6	5
100002036	Kopernikus	2005	3	3	3
100002039	Koperski	1867	1	1	1
10000204	abhorret	1908	7	7	7
100002042	Koperski	1990	1	1	1
100002045	Koperski	1994	4	4	2
100002048	Koperski	2000	3	3	3
100002051	Koperski	2003	41	31	6
100002054	Koperski	2006	2	2	1
100002057	Kopfskelet	1876	2	2	1
100002060	Kopfskelet	1881	5	5	3
100002063	Kopfskelet	1886	5	5	3
100002066	Kopfskelet	1895	1	1	1
100002069	Kopfskelet	1901	6	6	3
10000207	abhorret	1911	4	4	4
100002072	Kopfskelet	1906	2	2	2
100002075	Kopfskelet	1927	1	1	1
100002078	Kopfskelet	1964	2	1	1
100002081	Kopfstein	1892	1	1	1
100002084	Kopfstein	1906	1	1	1
100002087	Kopfstein	1963	1	1	1
100002090	Kopfstein	1983	3	3	2
100002093	Kopfstein	1995	6	6	4
100002096	Kopfstein	2000	3	3	2
100002099	Kopfstein	2003	2	2	2
10000210	abhorret	1914	2	2	2
100002102	Kopia	1872	1	1	1
100002105	Kopia	1896	10	9	6
100002108	Kopia	1943	2	2	1
100002111	Kopia	1954	3	3	3
100002114	Kopia	1979	2	2	1
100002117	Kopia	1987	2	2	2
100002120	Kopia	2001	4	3	2
100002123	Kopia	2008	2	2	2
100002126	Kopie	1756	1	1	1
100002129	Kopie	1843	4	4	4
10000213	abhorret	1919	4	4	4
100002132	Kopie	1861	1	1	1
100002135	Kopie	1880	3	3	2
100002138	Kopie	1887	2	2	2
100002141	Kopie	1893	1	1	1
100002144	Kopie	1904	3	3	2
100002147	Kopie	1914	1	1	1
100002150	Kopie	1926	2	2	2
100002153	Kopie	1932	1	1	1
100002156	Kopie	1950	1	1	1
100002159	Kopie	1953	3	3	3
10000216	abhorret	1922	1	1	1
100002162	Kopie	1961	1	1	1
100002165	Kopie	1965	1	1	1
100002168	Kopie	1968	1	1	1
100002171	Kopie	1974	1	1	1
100002174	Kopie	1978	4	4	2
100002177	Kopie	1985	1	1	1
100002180	Kopie	1988	2	2	2
100002183	Kopie	1991	2	2	1
100002186	Kopie	1996	5	5	3
100002189	Kopie	2001	4	4	4
10000219	abhorret	1926	1	1	1
100002192	Kopie	2004	12	10	7
100002195	Kopie	2008	13	3	3
100002198	Kopkind	1970	3	3	1
1000022	9770	1734	1	1	1
100002201	Kopkind	1974	2	2	1
100002204	Kopkind	1982	3	3	1
100002207	Kopkind	1988	13	13	2
100002210	Kopkind	1992	1	1	1
100002213	Kopkind	1996	17	17	5
100002216	Kopkind	1999	5	5	4
100002219	Kopkind	2002	7	7	3
10000222	abhorret	1929	7	7	7
100002222	Kopkind	2005	5	5	4
100002225	Kopkind	2008	2	2	1
100002228	Koplan	1959	7	7	1
100002231	Koplan	1980	3	3	1
100002234	Koplan	1983	5	5	4
100002237	Koplan	1986	3	3	2
100002240	Koplan	1989	1	1	1
100002243	Koplan	1993	2	2	1
100002246	Koplan	1997	1	1	1
100002249	Koplan	2001	37	35	26
10000225	abhorret	1933	5	5	3
100002252	Koplan	2004	19	19	11
100002255	Koplan	2007	29	27	6
100002258	Koplin	1886	1	1	1
100002261	Koplin	1930	3	3	3
100002264	Koplin	1969	2	2	1
100002267	Koplin	1976	1	1	1
100002270	Koplin	1980	2	2	2
100002273	Koplin	1986	1	1	1
100002276	Koplin	1989	5	5	3
100002279	Koplin	1994	8	8	6
10000228	abhorret	1937	3	3	2
100002282	Koplin	1998	28	11	1
100002285	Koplin	2001	6	6	4
100002288	Koplin	2004	4	4	3
100002291	Koplin	2007	4	4	4
100002294	Koppal	1851	1	1	1
100002297	Koppal	1920	1	1	1
100002300	Koppal	1929	1	1	1
100002303	Koppal	1948	3	2	1
100002306	Koppal	1959	2	1	1
100002309	Koppal	1964	1	1	1
10000231	abhorret	1940	2	2	2
100002312	Koppal	1986	2	1	1
100002315	Koppal	2000	24	10	7
100002318	Koppal	2005	124	65	2
100002321	Koppe's	1818	1	1	1
100002324	Koppe's	1826	3	3	3
100002327	Koppe's	1834	1	1	1
100002330	Koppe's	1837	6	6	5
100002333	Koppe's	1847	1	1	1
100002336	Koppe's	1851	2	2	2
100002339	Koppe's	1854	2	2	2
10000234	abhorret	1943	1	1	1
100002342	Koppe's	1860	1	1	1
100002345	Koppe's	1865	2	2	2
100002348	Koppe's	1870	4	4	4
100002351	Koppe's	1877	3	3	2
100002354	Koppe's	1885	2	2	2
100002357	Koppe's	1895	2	2	2
100002360	Koppe's	1916	1	1	1
100002363	Koppe's	1926	1	1	1
100002366	Koppe's	1958	1	1	1
100002369	Koppe's	1985	1	1	1
10000237	abhorret	1946	3	3	3
100002372	Koppe's	2001	3	2	2
100002375	Koppenol	1877	2	2	2
100002378	Koppenol	1949	3	3	3
100002381	Koppenol	1983	3	3	1
100002384	Koppenol	1992	1	1	1
100002387	Koppenol	1999	2	2	1
100002390	Koppenol	2002	14	14	9
100002393	Koppenol	2005	2	2	2
100002396	Koppenol	2008	1	1	1
100002399	Kopper	1853	1	1	1
10000240	abhorret	1949	2	2	2
100002402	Kopper	1857	1	1	1
100002405	Kopper	1874	1	1	1
100002408	Kopper	1878	2	2	1
100002411	Kopper	1889	2	2	2
100002414	Kopper	1892	2	2	2
100002417	Kopper	1899	1	1	1
100002420	Kopper	1906	1	1	1
100002423	Kopper	1916	3	2	1
100002426	Kopper	1927	2	2	1
100002429	Kopper	1937	1	1	1
10000243	abhorret	1952	3	3	3
100002432	Kopper	1952	4	3	1
100002435	Kopper	1958	4	2	2
100002438	Kopper	1964	1	1	1
100002441	Kopper	1970	2	2	2
100002444	Kopper	1975	1	1	1
100002447	Kopper	1978	1	1	1
100002450	Kopper	1981	5	5	4
100002453	Kopper	1984	16	12	5
100002456	Kopper	1987	12	11	6
100002459	Kopper	1990	8	8	4
10000246	abhorret	1955	3	3	3
100002462	Kopper	1993	3	3	3
100002465	Kopper	1996	4	4	4
100002468	Kopper	1999	22	17	9
100002471	Kopper	2002	26	25	13
100002474	Kopper	2005	14	8	6
100002477	Kopper	2008	18	18	11
100002480	Kopra	1843	1	1	1
100002483	Kopra	1871	6	3	3
100002486	Kopra	1887	1	1	1
100002489	Kopra	1900	1	1	1
10000249	abhorret	1959	4	3	3
100002492	Kopra	1965	2	2	2
100002495	Kopra	1980	1	1	1
100002498	Kopra	1992	1	1	1
1000025	9770	1806	2	2	1
100002501	Kopra	1999	1	1	1
100002504	Kopra	2004	3	3	3
100002507	Kopra	2009	1	1	1
100002510	Koprulu	1921	1	1	1
100002513	Koprulu	1932	2	2	1
100002516	Koprulu	1941	2	1	1
100002519	Koprulu	1955	2	2	2
10000252	abhorret	1962	2	2	2
100002522	Koprulu	1964	1	1	1
100002525	Koprulu	1967	7	7	4
100002528	Koprulu	1972	5	3	2
100002531	Koprulu	1975	1	1	1
100002534	Koprulu	1980	2	1	1
100002537	Koprulu	1985	6	6	4
100002540	Koprulu	1988	2	1	1
100002543	Koprulu	1992	11	7	4
100002546	Koprulu	1996	4	4	1
100002549	Koprulu	1999	12	8	3
10000255	abhorret	1965	8	7	5
100002552	Koprulu	2003	36	20	9
100002555	Koprulu	2006	11	11	4
100002558	Kops	1728	1	1	1
100002561	Kops	1796	3	3	2
100002564	Kops	1806	10	7	4
100002567	Kops	1811	2	2	2
100002570	Kops	1825	1	1	1
100002573	Kops	1835	5	5	4
100002576	Kops	1844	4	4	2
100002579	Kops	1853	21	16	2
10000258	abhorret	1968	1	1	1
100002582	Kops	1858	18	14	1
100002585	Kops	1866	3	3	3
100002588	Kops	1871	1	1	1
100002591	Kops	1874	4	4	1
100002594	Kops	1877	6	4	4
100002597	Kops	1881	3	3	2
100002600	Kops	1885	2	2	2
100002603	Kops	1888	1	1	1
100002606	Kops	1893	1	1	1
100002609	Kops	1897	4	4	4
10000261	abhorret	1971	3	2	2
100002612	Kops	1900	13	13	13
100002615	Kops	1903	12	12	10
100002618	Kops	1909	2	2	1
100002621	Kops	1914	1	1	1
100002624	Kops	1921	7	7	4
100002627	Kops	1924	3	3	3
100002630	Kops	1927	1	1	1
100002633	Kops	1935	3	3	3
100002636	Kops	1941	12	11	2
100002639	Kops	1949	1	1	1
10000264	abhorret	1974	2	2	1
100002642	Kops	1956	1	1	1
100002645	Kops	1959	22	18	7
100002648	Kops	1962	2	2	2
100002651	Kops	1965	5	5	5
100002654	Kops	1968	10	9	9
100002657	Kops	1971	22	20	12
100002660	Kops	1974	13	12	5
100002663	Kops	1977	27	25	12
100002666	Kops	1980	5	5	5
100002669	Kops	1983	27	18	10
10000267	abhorret	1977	6	5	4
100002672	Kops	1986	18	14	9
100002675	Kops	1989	13	12	11
100002678	Kops	1992	6	6	5
100002681	Kops	1995	10	10	7
100002684	Kops	1998	24	24	17
100002687	Kops	2001	62	56	31
100002690	Kops	2004	41	37	25
100002693	Kops	2007	22	22	17
100002696	Koraan	1784	3	3	1
100002699	Koraan	1810	1	1	1
